Paris : 96.66666666666667
Paris : 91.66666666666666
Zanzibar : 52.38095238095239
Basel : 37.93103448275862
Dubai : 66.66666666666666
